() 1
(1,) 0.0
(2,) 0.0277777777778
(3,) 0.0555555555556
(4,) 0.0833333333333
(5,) 0.111111111111
(6,) 0.138888888889
(7,) 0.166666666667
(8,) 0.138888888889
(9,) 0.111111111111
(1, 2) 0.0555555555556
(1, 3) 0.0833333333333
(1, 4) 0.111111111111
(1, 5) 0.138888888889
(1, 6) 0.166666666667
(1, 7) 0.138888888889
(1, 8) 0.111111111111
(1, 9) 0.0833333333333
(2, 3) 0.114197530864
(2, 4) 0.143518518519
(2, 5) 0.172839506173
(2, 6) 0.146604938272
(2, 7) 0.12037037037
(2, 8) 0.091049382716
(2, 9) 0.0617283950617
(3, 4) 0.175925925926
(3, 5) 0.151234567901
(3, 6) 0.126543209877
(3, 7) 0.101851851852
(3, 8) 0.070987654321
(3, 9) 0.0401234567901
(4, 5) 0.12962962963
(4, 6) 0.106481481481
(4, 7) 0.0833333333333
(4, 8) 0.0509259259259
(4, 9) 0.0185185185185
(5, 6) 0.0864197530864
(5, 7) 0.0648148148148
(5, 8) 0.0308641975309
(5, 9) 0.0246913580247
(6, 7) 0.0462962962963
(6, 8) 0.0385802469136
(6, 9) 0.0308641975309
(7, 8) 0.0462962962963
(7, 9) 0.037037037037
(8, 9) 0.0308641975309
(1, 2, 3) 0.00771604938272
(1, 2, 4) 0.0154320987654
(1, 2, 5) 0.0200617283951
(1, 2, 6) 0.0246913580247
(1, 2, 7) 0.0262345679012
(1, 2, 8) 0.0216049382716
(1, 2, 9) 0.016975308642
(1, 3, 4) 0.0192901234568
(1, 3, 5) 0.033950617284
(1, 3, 6) 0.0416666666667
(1, 3, 7) 0.0432098765432
(1, 3, 8) 0.0354938271605
(1, 3, 9) 0.0277777777778
(1, 4, 5) 0.0354938271605
(1, 4, 6) 0.0586419753086
(1, 4, 7) 0.0601851851852
(1, 4, 8) 0.0493827160494
(1, 4, 9) 0.0385802469136
(1, 5, 6) 0.0563271604938
(1, 5, 7) 0.0771604938272
(1, 5, 8) 0.0632716049383
(1, 5, 9) 0.0493827160494
(1, 6, 7) 0.0663580246914
(1, 6, 8) 0.0771604938272
(1, 6, 9) 0.0601851851852
(1, 7, 8) 0.0563271604938
(1, 7, 9) 0.0586419753086
(1, 8, 9) 0.0354938271605
(2, 3, 4) 0.0439814814815
(2, 3, 5) 0.0396090534979
(2, 3, 6) 0.0537551440329
(2, 3, 7) 0.0555555555556
(2, 3, 8) 0.0444958847737
(2, 3, 9) 0.0334362139918
(2, 4, 5) 0.0663580246914
(2, 4, 6) 0.0489969135802
(2, 4, 7) 0.0702160493827
(2, 4, 8) 0.0559413580247
(2, 4, 9) 0.0416666666667
(2, 5, 6) 0.0828189300412
(2, 5, 7) 0.0570987654321
(2, 5, 8) 0.0673868312757
(2, 5, 9) 0.0514403292181
(2, 6, 7) 0.0810185185185
(2, 6, 8) 0.0456532921811
(2, 6, 9) 0.0488683127572
(2, 7, 8) 0.0625
(2, 7, 9) 0.033950617284
(2, 8, 9) 0.0365226337449
(3, 4, 5) 0.0756172839506
(3, 4, 6) 0.0779320987654
(3, 4, 7) 0.0524691358025
(3, 4, 8) 0.0625
(3, 4, 9) 0.0447530864198
(3, 5, 6) 0.0745884773663
(3, 5, 7) 0.0740740740741
(3, 5, 8) 0.0367798353909
(3, 5, 9) 0.0411522633745
(3, 6, 7) 0.0679012345679
(3, 6, 8) 0.0527263374486
(3, 6, 9) 0.0252057613169
(3, 7, 8) 0.0493827160494
(3, 7, 9) 0.033950617284
(3, 8, 9) 0.0252057613169
(4, 5, 6) 0.0663580246914
(4, 5, 7) 0.0632716049383
(4, 5, 8) 0.0447530864198
(4, 5, 9) 0.0185185185185
(4, 6, 7) 0.0547839506173
(4, 6, 8) 0.0405092592593
(4, 6, 9) 0.0262345679012
(4, 7, 8) 0.0362654320988
(4, 7, 9) 0.0216049382716
(4, 8, 9) 0.0138888888889
(5, 6, 7) 0.0416666666667
(5, 6, 8) 0.02829218107
(5, 6, 9) 0.022633744856
(5, 7, 8) 0.0231481481481
(5, 7, 9) 0.0185185185185
(5, 8, 9) 0.0102880658436
(6, 7, 8) 0.0192901234568
(6, 7, 9) 0.0154320987654
(6, 8, 9) 0.0128600823045
(7, 8, 9) 0.0154320987654
(1, 2, 3, 4) 0.0557913237311
(1, 2, 3, 5) 0.076646090535
(1, 2, 3, 6) 0.076774691358
(1, 2, 3, 7) 0.0633573388203
(1, 2, 3, 8) 0.0486539780521
(1, 2, 3, 9) 0.033950617284
(1, 2, 4, 5) 0.0736882716049
(1, 2, 4, 6) 0.0930212620027
(1, 2, 4, 7) 0.0790895061728
(1, 2, 4, 8) 0.0604423868313
(1, 2, 4, 9) 0.0417952674897
(1, 2, 5, 6) 0.0806541495199
(1, 2, 5, 7) 0.0895061728395
(1, 2, 5, 8) 0.0706018518519
(1, 2, 5, 9) 0.0514403292181
(1, 2, 6, 7) 0.0670010288066
(1, 2, 6, 8) 0.068072702332
(1, 2, 6, 9) 0.0518261316872
(1, 2, 7, 8) 0.0453317901235
(1, 2, 7, 9) 0.0420953360768
(1, 2, 8, 9) 0.025677297668
(1, 3, 4, 5) 0.101851851852
(1, 3, 4, 6) 0.0774819958848
(1, 3, 4, 7) 0.0830761316872
(1, 3, 4, 8) 0.0641075102881
(1, 3, 4, 9) 0.042695473251
(1, 3, 5, 6) 0.100951646091
(1, 3, 5, 7) 0.0691872427984
(1, 3, 5, 8) 0.0598422496571
(1, 3, 5, 9) 0.0452674897119
(1, 3, 6, 7) 0.0774176954733
(1, 3, 6, 8) 0.0533693415638
(1, 3, 6, 9) 0.0408950617284
(1, 3, 7, 8) 0.051054526749
(1, 3, 7, 9) 0.0336934156379
(1, 3, 8, 9) 0.0264917695473
(1, 4, 5, 6) 0.0869555898491
(1, 4, 5, 7) 0.0753600823045
(1, 4, 5, 8) 0.0410236625514
(1, 4, 5, 9) 0.0310356652949
(1, 4, 6, 7) 0.0685442386831
(1, 4, 6, 8) 0.0599279835391
(1, 4, 6, 9) 0.0322788065844
(1, 4, 7, 8) 0.0457175925926
(1, 4, 7, 9) 0.0362654320988
(1, 4, 8, 9) 0.0237911522634
(1, 5, 6, 7) 0.0532407407407
(1, 5, 6, 8) 0.0461033950617
(1, 5, 6, 9) 0.0357510288066
(1, 5, 7, 8) 0.0442386831276
(1, 5, 7, 9) 0.0396090534979
(1, 5, 8, 9) 0.0246913580247
(1, 6, 7, 8) 0.0350437242798
(1, 6, 7, 9) 0.0336934156379
(1, 6, 8, 9) 0.0302211934156
(1, 7, 8, 9) 0.0241769547325
(2, 3, 4, 5) 0.10643861454
(2, 3, 4, 6) 0.113104423868
(2, 3, 4, 7) 0.0913065843621
(2, 3, 4, 8) 0.071159122085
(2, 3, 4, 9) 0.0429098079561
(2, 3, 5, 6) 0.0894204389575
(2, 3, 5, 7) 0.0805041152263
(2, 3, 5, 8) 0.0563914609053
(2, 3, 5, 9) 0.040580704161
(2, 3, 6, 7) 0.0686299725652
(2, 3, 6, 8) 0.0531335733882
(2, 3, 6, 9) 0.0350222908093
(2, 3, 7, 8) 0.048182441701
(2, 3, 7, 9) 0.0328360768176
(2, 3, 8, 9) 0.0255629858253
(2, 4, 5, 6) 0.100608710562
(2, 4, 5, 7) 0.065200617284
(2, 4, 5, 8) 0.0607853223594
(2, 4, 5, 9) 0.0305212620027
(2, 4, 6, 7) 0.0677726337449
(2, 4, 6, 8) 0.0327181927298
(2, 4, 6, 9) 0.0296639231824
(2, 4, 7, 8) 0.0527263374486
(2, 4, 7, 9) 0.0279492455418
(2, 4, 8, 9) 0.0258058984911
(2, 5, 6, 7) 0.0612568587106
(2, 5, 6, 8) 0.0454103795153
(2, 5, 6, 9) 0.0357796067673
(2, 5, 7, 8) 0.0381087105624
(2, 5, 7, 9) 0.0245198902606
(2, 5, 8, 9) 0.0278920896205
(2, 6, 7, 8) 0.0362225651578
(2, 6, 7, 9) 0.0300068587106
(2, 6, 8, 9) 0.0220050297211
(2, 7, 8, 9) 0.0238340192044
(3, 4, 5, 6) 0.0950360082305
(3, 4, 5, 7) 0.0751028806584
(3, 4, 5, 8) 0.0474322702332
(3, 4, 5, 9) 0.0281207133059
(3, 4, 6, 7) 0.0541409465021
(3, 4, 6, 8) 0.0535836762689
(3, 4, 6, 9) 0.0298782578875
(3, 4, 7, 8) 0.0355366941015
(3, 4, 7, 9) 0.0234053497942
(3, 4, 8, 9) 0.0236196844993
(3, 5, 6, 7) 0.062585733882
(3, 5, 6, 8) 0.0311285436671
(3, 5, 6, 9) 0.0269775948788
(3, 5, 7, 8) 0.031335733882
(3, 5, 7, 9) 0.0288923182442
(3, 5, 8, 9) 0.0154035208048
(3, 6, 7, 8) 0.0370799039781
(3, 6, 7, 9) 0.0211762688615
(3, 6, 8, 9) 0.0163608824874
(3, 7, 8, 9) 0.0211762688615
(4, 5, 6, 7) 0.0477109053498
(4, 5, 6, 8) 0.0343792866941
(4, 5, 6, 9) 0.0178326474623
(4, 5, 7, 8) 0.0308641975309
(4, 5, 7, 9) 0.0159465020576
(4, 5, 8, 9) 0.0106310013717
(4, 6, 7, 8) 0.02829218107
(4, 6, 7, 9) 0.0195473251029
(4, 6, 8, 9) 0.0145747599451
(4, 7, 8, 9) 0.0133744855967
(5, 6, 7, 8) 0.0195044581619
(5, 6, 7, 9) 0.0156035665295
(5, 6, 8, 9) 0.0108596250572
(5, 7, 8, 9) 0.00943072702332
(6, 7, 8, 9) 0.00857338820302
(1, 2, 3, 4, 5) 0.0320692348727
(1, 2, 3, 4, 6) 0.0403496989788
(1, 2, 3, 4, 7) 0.0445066015089
(1, 2, 3, 4, 8) 0.039247065996
(1, 2, 3, 4, 9) 0.0294829294315
(1, 2, 3, 5, 6) 0.0476799458924
(1, 2, 3, 5, 7) 0.0518761431184
(1, 2, 3, 5, 8) 0.0493160341411
(1, 2, 3, 5, 9) 0.039780521262
(1, 2, 3, 6, 7) 0.0557960867246
(1, 2, 3, 6, 8) 0.0532955151654
(1, 2, 3, 6, 9) 0.044931698674
(1, 2, 3, 7, 8) 0.0437683375248
(1, 2, 3, 7, 9) 0.0377205265966
(1, 2, 3, 8, 9) 0.0255510783417
(1, 2, 4, 5, 6) 0.0546553497942
(1, 2, 4, 5, 7) 0.0595564700503
(1, 2, 4, 5, 8) 0.0551376028807
(1, 2, 4, 5, 9) 0.0408712467612
(1, 2, 4, 6, 7) 0.0644540180613
(1, 2, 4, 6, 8) 0.0586372123152
(1, 2, 4, 6, 9) 0.0504412913428
(1, 2, 4, 7, 8) 0.0576346021948
(1, 2, 4, 7, 9) 0.0483681984454
(1, 2, 4, 8, 9) 0.0329575331504
(1, 2, 5, 6, 7) 0.0570166037952
(1, 2, 5, 6, 8) 0.0593802392928
(1, 2, 5, 6, 9) 0.0510354747752
(1, 2, 5, 7, 8) 0.0544910265203
(1, 2, 5, 7, 9) 0.0479014250876
(1, 2, 5, 8, 9) 0.0392184880354
(1, 2, 6, 7, 8) 0.0435242341107
(1, 2, 6, 7, 9) 0.0423049077884
(1, 2, 6, 8, 9) 0.0352711572169
(1, 2, 7, 8, 9) 0.0250295305594
(1, 3, 4, 5, 6) 0.0652768251791
(1, 3, 4, 5, 7) 0.0641289437586
(1, 3, 4, 5, 8) 0.059077789209
(1, 3, 4, 5, 9) 0.0486492150587
(1, 3, 4, 6, 7) 0.0669688786008
(1, 3, 4, 6, 8) 0.0621927869227
(1, 3, 4, 6, 9) 0.0406950160037
(1, 3, 4, 7, 8) 0.0489933413352
(1, 3, 4, 7, 9) 0.0414023205304
(1, 3, 4, 8, 9) 0.0340220621856
(1, 3, 5, 6, 7) 0.0686514060357
(1, 3, 5, 6, 8) 0.0507282616979
(1, 3, 5, 6, 9) 0.0504615340649
(1, 3, 5, 7, 8) 0.055276920439
(1, 3, 5, 7, 9) 0.0438957475995
(1, 3, 5, 8, 9) 0.0291757163542
(1, 3, 6, 7, 8) 0.0479538180155
(1, 3, 6, 7, 9) 0.0342578303612
(1, 3, 6, 8, 9) 0.0321216278006
(1, 3, 7, 8, 9) 0.0263345907636
(1, 4, 5, 6, 7) 0.0650041438043
(1, 4, 5, 6, 8) 0.0538885078494
(1, 4, 5, 6, 9) 0.0312976299345
(1, 4, 5, 7, 8) 0.0437957247371
(1, 4, 5, 7, 9) 0.0355366941015
(1, 4, 5, 8, 9) 0.0205999466545
(1, 4, 6, 7, 8) 0.0478323616827
(1, 4, 6, 7, 9) 0.0344292981253
(1, 4, 6, 8, 9) 0.0257558870599
(1, 4, 7, 8, 9) 0.0244341563786
(1, 5, 6, 7, 8) 0.0350187185642
(1, 5, 6, 7, 9) 0.0326646090535
(1, 5, 6, 8, 9) 0.0229195244627
(1, 5, 7, 8, 9) 0.0222765203475
(1, 6, 7, 8, 9) 0.0185756744399
(2, 3, 4, 5, 6) 0.0804541037952
(2, 3, 4, 5, 7) 0.0776963305898
(2, 3, 4, 5, 8) 0.0644552088096
(2, 3, 4, 5, 9) 0.0485730071635
(2, 3, 4, 6, 7) 0.072170067444
(2, 3, 4, 6, 8) 0.0623612778159
(2, 3, 4, 6, 9) 0.0496756401463
(2, 3, 4, 7, 8) 0.0604114273739
(2, 3, 4, 7, 9) 0.0376895671392
(2, 3, 4, 8, 9) 0.0379729652492
(2, 3, 5, 6, 7) 0.0698731138546
(2, 3, 5, 6, 8) 0.0566347704872
(2, 3, 5, 6, 9) 0.0396328684652
(2, 3, 5, 7, 8) 0.0435885345222
(2, 3, 5, 7, 9) 0.0362249466545
(2, 3, 5, 8, 9) 0.0290796626531
(2, 3, 6, 7, 8) 0.04736916057
(2, 3, 6, 7, 9) 0.0368036503582
(2, 3, 6, 8, 9) 0.0237220888584
(2, 3, 7, 8, 9) 0.025324836153
(2, 4, 5, 6, 7) 0.0682941815272
(2, 4, 5, 6, 8) 0.0536384506935
(2, 4, 5, 6, 9) 0.0371084819387
(2, 4, 5, 7, 8) 0.0498399634202
(2, 4, 5, 7, 9) 0.0251676573693
(2, 4, 5, 8, 9) 0.0256820606615
(2, 4, 6, 7, 8) 0.0404896119113
(2, 4, 6, 7, 9) 0.0282731290962
(2, 4, 6, 8, 9) 0.020229623914
(2, 4, 7, 8, 9) 0.0233148529188
(2, 5, 6, 7, 8) 0.0372918571864
(2, 5, 6, 7, 9) 0.0261869379668
(2, 5, 6, 8, 9) 0.0226940761063
(2, 5, 7, 8, 9) 0.0190424477976
(2, 6, 7, 8, 9) 0.017765965554
(3, 4, 5, 6, 7) 0.0677869227252
(3, 4, 5, 6, 8) 0.0496422991922
(3, 4, 5, 6, 9) 0.0361987501905
(3, 4, 5, 7, 8) 0.0413999390337
(3, 4, 5, 7, 9) 0.0275134316415
(3, 4, 5, 8, 9) 0.0176611796982
(3, 4, 6, 7, 8) 0.0391220374181
(3, 4, 6, 7, 9) 0.022848079561
(3, 4, 6, 8, 9) 0.0223836877
(3, 4, 7, 8, 9) 0.0172086953208
(3, 5, 6, 7, 8) 0.032574112178
(3, 5, 6, 7, 9) 0.0257558870599
(3, 5, 6, 8, 9) 0.0139523954682
(3, 5, 7, 8, 9) 0.0155249771376
(3, 6, 7, 8, 9) 0.0156702484377
(4, 5, 6, 7, 8) 0.0286565500686
(4, 5, 6, 7, 9) 0.0174897119342
(4, 5, 6, 8, 9) 0.012555250724
(4, 5, 7, 8, 9) 0.0107738911751
(4, 6, 7, 8, 9) 0.0132887517147
(5, 6, 7, 8, 9) 0.00962124676116
(1, 2, 3, 4, 5, 6) 0.0910247077639
(1, 2, 3, 4, 5, 7) 0.0859797715668
(1, 2, 3, 4, 5, 8) 0.0726173919118
(1, 2, 3, 4, 5, 9) 0.0524589482887
(1, 2, 3, 4, 6, 7) 0.0811982222921
(1, 2, 3, 4, 6, 8) 0.0705857105963
(1, 2, 3, 4, 6, 9) 0.0527736366196
(1, 2, 3, 4, 7, 8) 0.0620617053739
(1, 2, 3, 4, 7, 9) 0.0480316135752
(1, 2, 3, 4, 8, 9) 0.0357588348236
(1, 2, 3, 5, 6, 7) 0.0756475818811
(1, 2, 3, 5, 6, 8) 0.0634757521296
(1, 2, 3, 5, 6, 9) 0.052766161366
(1, 2, 3, 5, 7, 8) 0.0568395792054
(1, 2, 3, 5, 7, 9) 0.046164784755
(1, 2, 3, 5, 8, 9) 0.0371079527172
(1, 2, 3, 6, 7, 8) 0.0511726423712
(1, 2, 3, 6, 7, 9) 0.0452188013345
(1, 2, 3, 6, 8, 9) 0.0372986047605
(1, 2, 3, 7, 8, 9) 0.0292659486189
(1, 2, 4, 5, 6, 7) 0.075364845298
(1, 2, 4, 5, 6, 8) 0.0642737189135
(1, 2, 4, 5, 6, 9) 0.0463722395807
(1, 2, 4, 5, 7, 8) 0.0587642254738
(1, 2, 4, 5, 7, 9) 0.0451896941523
(1, 2, 4, 5, 8, 9) 0.0362187283019
(1, 2, 4, 6, 7, 8) 0.0561671040682
(1, 2, 4, 6, 7, 9) 0.0456806793934
(1, 2, 4, 6, 8, 9) 0.0368042788087
(1, 2, 4, 7, 8, 9) 0.0362312973124
(1, 2, 5, 6, 7, 8) 0.0479286138419
(1, 2, 5, 6, 7, 9) 0.0429722560924
(1, 2, 5, 6, 8, 9) 0.0356744239953
(1, 2, 5, 7, 8, 9) 0.0329497271334
(1, 2, 6, 7, 8, 9) 0.0260242685101
(1, 3, 4, 5, 6, 7) 0.0750056362089
(1, 3, 4, 5, 6, 8) 0.0624898124862
(1, 3, 4, 5, 6, 9) 0.0476241130248
(1, 3, 4, 5, 7, 8) 0.0540439005106
(1, 3, 4, 5, 7, 9) 0.0446205164355
(1, 3, 4, 5, 8, 9) 0.0350070756914
(1, 3, 4, 6, 7, 8) 0.0542129867779
(1, 3, 4, 6, 7, 9) 0.0399317463039
(1, 3, 4, 6, 8, 9) 0.0361733475588
(1, 3, 4, 7, 8, 9) 0.0290153622415
(1, 3, 5, 6, 7, 8) 0.0498022563888
(1, 3, 5, 6, 7, 9) 0.0423021293756
(1, 3, 5, 6, 8, 9) 0.0308726650748
(1, 3, 5, 7, 8, 9) 0.031032489966
(1, 3, 6, 7, 8, 9) 0.0267791368186
(1, 4, 5, 6, 7, 8) 0.0455391787964
(1, 4, 5, 6, 7, 9) 0.0332861796982
(1, 4, 5, 6, 8, 9) 0.0249189232671
(1, 4, 5, 7, 8, 9) 0.0247080285018
(1, 4, 6, 7, 8, 9) 0.0252559712061
(1, 5, 6, 7, 8, 9) 0.0212135789768
(2, 3, 4, 5, 6, 7) 0.0813078703704
(2, 3, 4, 5, 6, 8) 0.0678112338376
(2, 3, 4, 5, 6, 9) 0.0491144007519
(2, 3, 4, 5, 7, 8) 0.0576201809091
(2, 3, 4, 5, 7, 9) 0.0425189778828
(2, 3, 4, 5, 8, 9) 0.0359228934868
(2, 3, 4, 6, 7, 8) 0.0553718164681
(2, 3, 4, 6, 7, 9) 0.0398546122712
(2, 3, 4, 6, 8, 9) 0.034551415985
(2, 3, 4, 7, 8, 9) 0.0321761376145
(2, 3, 5, 6, 7, 8) 0.047766407454
(2, 3, 5, 6, 7, 9) 0.037987783451
(2, 3, 5, 6, 8, 9) 0.0283443975907
(2, 3, 5, 7, 8, 9) 0.0242311999356
(2, 3, 6, 7, 8, 9) 0.0251206889617
(2, 4, 5, 6, 7, 8) 0.0463812363461
(2, 4, 5, 6, 7, 9) 0.03081074616
(2, 4, 5, 6, 8, 9) 0.02682570831
(2, 4, 5, 7, 8, 9) 0.0228605162662
(2, 4, 6, 7, 8, 9) 0.0212765563346
(2, 5, 6, 7, 8, 9) 0.0196846580806
(3, 4, 5, 6, 7, 8) 0.0434660197463
(3, 4, 5, 6, 7, 9) 0.0309896230249
(3, 4, 5, 6, 8, 9) 0.0227043959254
(3, 4, 5, 7, 8, 9) 0.0177983803705
(3, 4, 6, 7, 8, 9) 0.0193216121357
(3, 5, 6, 7, 8, 9) 0.0165770694677
(4, 5, 6, 7, 8, 9) 0.0134427551694
(1, 2, 3, 4, 5, 6, 7) 0.0754603201631
(1, 2, 3, 4, 5, 6, 8) 0.0706496287923
(1, 2, 3, 4, 5, 6, 9) 0.0589207170046
(1, 2, 3, 4, 5, 7, 8) 0.0675599859333
(1, 2, 3, 4, 5, 7, 9) 0.0557650170127
(1, 2, 3, 4, 5, 8, 9) 0.0474000722505
(1, 2, 3, 4, 6, 7, 8) 0.0645972083081
(1, 2, 3, 4, 6, 7, 9) 0.0544176962671
(1, 2, 3, 4, 6, 8, 9) 0.0457680799556
(1, 2, 3, 4, 7, 8, 9) 0.0406128212904
(1, 2, 3, 5, 6, 7, 8) 0.0599525372113
(1, 2, 3, 5, 6, 7, 9) 0.0516975382145
(1, 2, 3, 5, 6, 8, 9) 0.0429682501797
(1, 2, 3, 5, 7, 8, 9) 0.0382030369434
(1, 2, 3, 6, 7, 8, 9) 0.0358020435535
(1, 2, 4, 5, 6, 7, 8) 0.0603661403471
(1, 2, 4, 5, 6, 7, 9) 0.04878946978
(1, 2, 4, 5, 6, 8, 9) 0.0402384081088
(1, 2, 4, 5, 7, 8, 9) 0.0380537487052
(1, 2, 4, 6, 7, 8, 9) 0.0365406272757
(1, 2, 5, 6, 7, 8, 9) 0.031864117442
(1, 3, 4, 5, 6, 7, 8) 0.0586989382847
(1, 3, 4, 5, 6, 7, 9) 0.0475654796934
(1, 3, 4, 5, 6, 8, 9) 0.0377400306137
(1, 3, 4, 5, 7, 8, 9) 0.0342530012151
(1, 3, 4, 6, 7, 8, 9) 0.0335059719999
(1, 3, 5, 6, 7, 8, 9) 0.0313221064286
(1, 4, 5, 6, 7, 8, 9) 0.0264946802655
(2, 3, 4, 5, 6, 7, 8) 0.0614362427461
(2, 3, 4, 5, 6, 7, 9) 0.0459740224573
(2, 3, 4, 5, 6, 8, 9) 0.0387141620025
(2, 3, 4, 5, 7, 8, 9) 0.0337870988677
(2, 3, 4, 6, 7, 8, 9) 0.0326124862491
(2, 3, 5, 6, 7, 8, 9) 0.0280101060136
(2, 4, 5, 6, 7, 8, 9) 0.0253629401006
(3, 4, 5, 6, 7, 8, 9) 0.0227262373375
(1, 2, 3, 4, 5, 6, 7, 8) 0.0703695174907
(1, 2, 3, 4, 5, 6, 7, 9) 0.0601936172026
(1, 2, 3, 4, 5, 6, 8, 9) 0.0515034308164
(1, 2, 3, 4, 5, 7, 8, 9) 0.0478188781725
(1, 2, 3, 4, 6, 7, 8, 9) 0.0459409908283
(1, 2, 3, 5, 6, 7, 8, 9) 0.0426463156795
(1, 2, 4, 5, 6, 7, 8, 9) 0.0412622354784
(1, 3, 4, 5, 6, 7, 8, 9) 0.0387171529614
(2, 3, 4, 5, 6, 7, 8, 9) 0.0386402798643
(1, 2, 3, 4, 5, 6, 7, 8, 9) 0.0534882891989
